"X" <- structure(c(1.0,1.0,1.0,1.0,1.0,1.0,1.0,1.0,1.0,1.0,1.0,1.0,1.0,1.0,1.0,1.0,1.0,1.0,1.0,1.0,1.0,1.0,1.0,1.0,1.0,1.0,1.0,1.0,1.0,1.0,1.0,1.0,1.0,1.0,1.0,1.0,1.0,1.0,1.0,1.0,1.0,1.0,1.0,1.0,1.0,1.0,1.0,1.0,1.0,1.0,1.0,1.0,1.0,1.0,1.0,1.0,1.0,1.0,1.0,1.0,1.0,1.0,1.0,1.0,1.0,1.0,1.0,1.0,1.0,1.0,1.0,1.0,1.0,1.0,1.0,1.0,1.0,1.0,1.0,1.0,1.0,1.0,1.0,1.0,1.0,1.0,1.0,1.0,1.0,1.0,1.0,1.0,1.0,1.0,1.0,1.0,1.0,1.0,1.0,1.0,1.0,1.0,1.0,1.0,1.0,1.0,1.0,1.0,1.0,1.0,1.0,1.0,1.0,1.0,1.0,1.0,1.0,1.0,1.0,1.0,1.0,1.0,1.0,1.0,1.0,1.0,1.0,1.0,1.0,1.0,1.0,1.0,1.0,1.0,1.0,1.0,1.0,1.0,1.0,1.0,1.0,1.0,1.0,1.0,1.0,1.0,1.0,1.0,1.0,1.0,1.0,1.0,1.0,1.0,1.0,1.0,1.0,1.0,1.0,1.0,1.0,1.0,1.0,1.0,1.0,1.0,1.0,1.0,1.0,1.0,1.0,1.0,1.0,1.0,1.0,1.0,1.0,1.0,1.0,1.0,1.0,1.0,1.0,1.0,1.0,1.0,1.0,1.0,1.0,1.0,1.0,1.0,1.0,1.0,1.0,1.0,1.0,1.0,1.0,1.0,1.0,1.0,1.0,1.0,1.0,1.0,1.0,1.0,1.0,1.0,1.0,1.0,1.0,1.0,1.0,1.0,1.0,1.0,1.0,1.0,1.0,1.0,1.0,1.0,1.0,1.0,1.0,1.0,1.0,1.0,1.0,1.0,1.0,1.0,1.0,1.0,1.0,1.0,1.0,1.0,1.0,1.0,1.0,1.0,1.0,1.0,1.0,-1.3071098515997106,1.2217359259478453,-0.5753034536450246,2.7416415216998877,-1.0386364985039083,1.594134447983958,1.4425769099460053,0.7410820195989092,-0.5839638843900496,-1.3763932975599178,0.4057906610736941,-1.7098198812434144,-0.41508548486204555,-1.0213156370138572,0.602515127678495,-0.3544624696468646,-1.4586673896376634,-1.4629976050101772,-0.7225307763104639,1.5378416481412898,-0.9996645601512922,0.23877703638740827,-0.9477019756811375,-1.4456767435201248,0.36002306681777124,0.6674683582661896,0.663138142893677,-0.9043998219560078,0.7410820195989092,-0.5796336690175371,-0.9910041294062661,-0.40375241638159076,-0.060007824315983886,0.2560978978774606,-0.12496105490367845,1.416595617710928,0.1305216520745851,0.3946647897978748,0.091549713721969,1.6634178939441653,-1.1988544672868875,-1.1772033904243226,0.3253813438376677,1.9102401701774028,-1.0862688676015506,-0.2808488083141439,0.7973748194415776,-0.8654278836033906,0.8623424079630984,-0.8567674528583655,-1.3374213592073017,0.3946647897978748,1.6287761709640618,0.5375618970908015,-0.3414718235293259,-1.5236206202253582,1.7889941397470408,0.9489323574795305,-0.6272660381151793,1.8366265088446831,-0.3154905312942474,-0.7788235761531322,0.13918208281961125,0.3903345744253612,-1.1512220981892451,-0.0037150244733165686,1.4988697097886736,1.0918294647724573,-0.40209483874450686,-0.5060200076848175,1.676408540061704,0.7930446040690651,-0.38477397725445456,0.6198359891685473,-0.9996645601512922,2.247996969233412,0.4422971588955171,-0.8784185297209304,-1.2464868363845296,-0.07299847043352367,1.5508322942588295,-1.8397263424188026,0.9403945801479384,0.6111755584235212,1.3819538947308243,1.576813586493907,-0.42807613097958425,-0.6272660381151793,0.7107705119913192,-0.10764019341362722,-0.47137828470471393,-1.9609723728491644,1.7889941397470408,1.165443126105178,0.5808640508159302,1.8193056473546318,-0.4497272078421491,0.784384173324039,0.23011660564238212,0.602515127678495,-2.0648975417894757,-1.4889788972452545,0.091549713721969,0.07855906760442923,-0.5926243151350759,0.030926698506786983,1.3126704487706173,-0.9087300373285203,0.10021014446699408,-0.7095401301929252,0.9835740804596341,-0.9736832679162148,-0.8870789604659555,-0.10764019341362722,-0.8437768067408269,0.26475832862248566,1.459724101534347,0.026596483134274446,0.5159108202282366,-0.5882940997625633,-1.012655206268831,-1.0386364985039083,0.502920174110698,-0.9347113295635977,-0.7658329300355936,0.7887143886965514,-0.8567674528583655,-0.2808488083141439,-2.0129349573193203,0.061238206114378,-1.3677328668148927,-0.6359264688602055,0.4076554359154135,-1.2897889901096593,0.47260866650310696,-1.2724681286196071,1.7586826321394498,-0.9693530525437013,0.823356111676655,-1.0862688676015506,2.0488070620978167,-0.09464954729608743,-0.09826446262487973,-1.623215573793155,-1.874368065398906,-1.3893839436774564,0.6891154637853558,1.2433870028104101,-1.2161753287769397,-0.16393299325629454,0.7402999704372923,-1.7487918195960306,-0.18125385474634687,-0.35013225427435096,-1.7011594504983885,-0.8134652991332358,0.6371568506585986,2.1050998619404853,1.0571877417923536,0.8623280500292722,-0.8654278836033906,2.217685461625822,1.0874992493999447,-0.16826320862880817,1.4598977714360577,0.00494540627170959,-0.48003871544973903,-0.3848121632486743,-0.28950923905917003,-0.6445868996052317,-0.3328113927842998,0.42930651277797727,-0.38477397725445456,0.5289014663457754,1.2000848490852816,-0.24620708533404034,1.2477172181829237,-0.05567760894347135,0.32971155921018025,1.7413617706493985,1.6417668170816004,0.37301371293530994,0.07422885223191669,0.23444682101489575,-0.17692363937383324,-0.7571724992905674,0.8796489115193235,0.19194909344399552,-1.142561667444219,-0.034026532080906495,0.2560978978774606,-1.5669227739504878,-0.8784185297209304,-1.1598825289342714,0.5548827585808528,-0.2029049316089117,0.48126909724813316,0.9056302037544008,0.48126909724813316,0.25176768250494697,0.541892112463314,0.48559931262064565,0.37301371293530994,-1.4500069588926385,0.5981849123059825,0.9489323574795305,0.22578639026986957,0.5505525432083402,-1.0689480061114993,0.34270220532771895,1.5811438018664195,0.5245712509732628,-1.6578572967732585,0.7497424503439354,-1.7704428964585954,0.34270220532771895,0.16516337505468864,-0.6402566842327181,0.8103654655591164,0.013605837016735749,-0.42807613097958425,0.026596483134274446,0.9489323574795305,0.9402719267345043,-0.18125385474634687,-1.454337174265151,-0.32960743512529866,-1.0452771192706833,-0.266282837191071,1.3126704487706173,-0.3154905312942474,-0.8048048683882096,-0.2591977314515801,-1.0083249908963186,-0.12496105490367845,-1.0646177907389869,-0.14228191639373078,-0.15527256251126947,0.43363672815049087,-0.8610976682308781,-0.6099451766251281,-0.6445868996052317,0.30373026697510286,-1.6491968660282337,1.0874992493999447,1.3776236793583119,1.143792049242613
), .Dim=c(247, 2))
"N" <- 247
"K" <- 2
