"height" <- structure(c(151.765,139.7,136.525,156.845,145.415,163.83,149.225,168.91,147.955,165.1,154.305,151.13,144.78,149.9,150.495,163.195,157.48,143.9418,161.29,156.21,146.4,148.59,147.32,147.955,161.925,146.05,146.05,152.7048,142.875,142.875,147.955,160.655,151.765,162.8648,171.45,147.32,147.955,154.305,143.51,146.7,157.48,165.735,152.4,141.605,158.8,155.575,164.465,151.765,161.29,154.305,145.415,145.415,152.4,163.83,144.145,153.67,142.875,167.005,158.4198,165.735,149.86,154.94,160.9598,161.925,147.955,159.385,148.59,136.525,158.115,144.78,156.845,179.07,170.18,146.05,147.32,162.56,152.4,160.02,149.86,142.875,167.005,159.385,154.94,162.56,152.4,170.18,146.05,159.385,151.13,160.655,169.545,158.75,149.86,153.035,161.925,162.56,149.225,163.195,161.925,145.415,163.195,151.13,150.495,170.815,157.48,152.4,147.32,145.415,157.48,154.305,167.005,142.875,152.4,160.0,159.385,149.86,160.655,160.655,149.225,140.97,154.94,141.605,160.02,150.1648,155.575,156.21,153.035,167.005,149.86,147.955,159.385,161.925,155.575,159.385,146.685,172.72,166.37,141.605,151.765,156.845,148.59,157.48,149.86,147.955,153.035,160.655,149.225,138.43,162.56,149.225,158.75,149.86,158.115,156.21,148.59,143.51,154.305,157.48,157.48,154.305,168.275,145.415,149.225,154.94,162.56,156.845,161.0106,144.78,143.51,149.225,149.86,165.735,144.145,157.48,154.305,163.83,156.21,144.145,162.56,146.05,154.94,144.78,146.685,152.4,163.83,165.735,156.21,152.4,140.335,163.195,151.13,171.1198,149.86,163.83,141.605,149.225,146.05,161.29,162.56,145.415,170.815,159.385,159.4,153.67,160.02,150.495,149.225,142.875,142.113,147.32,162.56,164.465,160.02,153.67,167.005,151.13,153.035,139.065,152.4,154.94,147.955,144.145,155.575,150.495,155.575,154.305,157.48,168.91,150.495,160.02,167.64,144.145,145.415,160.02,164.465,153.035,149.225,160.02,149.225,153.67,150.495,151.765,158.115,149.225,151.765,154.94,161.29,148.59,160.655,157.48,167.005,157.48,152.4,152.4,161.925,152.4,159.385,142.24,168.91,160.02,158.115,152.4,155.575,154.305,156.845,156.21,168.275,147.955,157.48,160.7,161.29,150.495,163.195,148.59,148.59,161.925,153.67,151.13,163.83,153.035,151.765,156.21,140.335,158.75,142.875,151.9428,161.29,160.9852,144.78,160.02,160.9852,165.989,157.988,154.94,160.655,147.32,146.7,147.32,172.9994,158.115,147.32,165.989,149.86,161.925,163.83,160.02,154.94,152.4,146.05,151.9936,151.765,144.78,160.655,151.13,153.67,147.32,139.7,157.48,154.94,143.51,158.115,147.32,160.02,165.1,154.94,153.67,141.605,163.83,161.29,154.9,161.3,170.18,149.86,160.655,154.94,166.37,148.2852,151.765,148.59,153.67,146.685,154.94,156.21,160.655,146.05,156.21,152.4,162.56,142.875,162.56,156.21,158.75
), .Dim=c(352))
"weight" <- structure(c(2.8351209801136577,-8.50467901988634,-13.125647519886343,8.051428980113656,-3.7136135198863442,18.00210348011366,-6.747010019886339,10.489485980113656,-10.120600519886345,9.497253480113656,4.904634480113657,-3.770312519886339,-8.95827101988634,2.7095144801136613,-11.141182519886343,3.57220798011366,-2.6646820198863423,-6.633612019886343,3.997450480113656,-2.2677890198863437,-9.49691151988634,-7.087204019886343,-9.525261019886344,-4.67749651988634,10.120942480113655,-7.484097019886342,-6.491864519886342,1.6160924801136574,-6.151670519886345,-9.41186301988634,2.4098784801136617,2.8918199801136595,4.422692980113659,4.394343480113662,11.566766980113655,-5.868175519886343,4.904634480113657,-3.7419630198863416,-6.43516551988634,-2.590485519886343,-0.3400230198863383,13.607930980113657,1.729490480113661,-0.7652655198863414,5.909514480113657,9.327156480113658,0.9073549801136593,3.0335674801136605,7.229293480113661,2.636674480113662,0.6522094801136618,-2.579633519886343,-8.50467901988634,10.943077980113657,-7.795941519886341,3.3170624801136555,-7.65419401988634,2.1830824801136615,2.296480480113658,12.558999480113656,-7.058854519886339,2.211431980113659,-1.7858475198863388,5.273177980113658,-5.613030019886338,5.6985144801136585,-5.556331019886343,-8.703125519886342,1.2758984801136606,-2.721381019886344,2.636674480113662,10.716281980113656,3.57220798011366,-2.1827405198863445,-9.922154019886342,11.765213480113658,6.265410480113658,2.239781480113656,-4.053807519886341,-12.275162519886344,12.077057980113658,-2.012643519886339,-5.046040019886341,0.9640539801136612,-3.8837105198863426,2.6083249801136574,-7.484097019886342,0.02852048011365582,-2.721381019886344,9.865796980113657,8.53337048011366,7.2009439801136566,-2.579633519886343,4.592789980113658,-3.260021519886344,11.028126480113656,-2.8347790198863407,8.108127980113657,5.244828480113661,-2.4662355198863395,4.11084848011366,-6.491864519886342,4.819585980113658,14.770260480113656,2.9485189801136613,-5.698078519886344,-8.10778601988634,-2.863128519886338,-0.4250715198863446,2.863470480113655,10.205990980113661,-11.991667519886342,-4.110506519886343,6.209514480113661,4.054149480113658,8.448321980113661,9.100360480113658,10.37608798011366,-2.7497305198863415,-4.053807519886341,4.706187980113661,-0.6518675198863448,0.9640539801136612,-3.0332255198863436,6.4922064801136585,-0.8786635198863451,-12.785453519886339,11.765213480113658,7.6828854801136615,-8.50467901988634,3.855702980113655,11.963659980113661,-2.8914780198863426,5.188129480113659,1.5593934801136555,16.811424480113658,3.997450480113656,-13.465841519886343,-9.695358019886342,0.6522094801136618,-1.1054595198863382,0.5671609801136555,-5.981573519886339,-3.827011519886341,0.25531648011365604,8.646768480113657,7.31434198011366,-5.89652501988634,0.7089084801136565,-4.592448019886341,6.4922064801136585,-6.321767519886343,-5.754777519886339,-0.6518675198863448,-5.471282519886344,-13.91943351988634,1.7861894801136557,-4.36565201988634,5.188129480113659,-3.7136135198863442,9.60951448011366,0.00017098011365845878,-9.18506701988634,0.22696698011365868,3.1186159801136597,0.6805589801136591,3.430460480113659,-3.7986620198863434,-6.576913019886341,-2.863128519886338,-6.747010019886339,3.34541198011366,-6.0666220198863385,-4.960991519886342,5.216478980113656,9.29880698011366,0.6095144801136598,-5.556331019886343,-1.7858475198863388,-13.125647519886343,0.4537629801136589,-6.945456519886342,-8.901572019886345,-4.110506519886343,2.920169480113657,2.721722980113661,1.3892964801136571,-3.827011519886341,-8.391281019886343,3.146965480113657,-8.277883019886339,11.566766980113655,-6.293418019886339,2.494926980113661,-8.788174019886341,-3.7136135198863442,-0.22662501988634176,5.443274980113657,10.29103948011366,-7.058854519886339,13.466183480113656,-0.5668190198863385,-0.590485519886343,-0.4250715198863446,-0.3683725198863428,-4.5073995198863415,-0.9070130198863424,-10.574192519886338,-12.218463519886342,-9.043319519886339,4.564414480113662,8.193176480113657,-7.909339519886345,-4.479050019886344,5.613371980113655,-1.020411019886339,4.899514480113659,-11.39632801988634,-1.1338090198863426,3.146965480113657,-2.2394395198863393,-11.08448351988634,-5.272836019886341,-9.043319519886339,5.9252164801136615,0.7656074801136583,4.224246480113656,13.834726980113658,-1.5307020198863412,6.974147980113656,5.698420480113661,-10.744289519886344,-5.613030019886338,14.57181398011366,7.172594480113659,-5.017690519886344,-1.0487605198863434,9.61065148011366,0.08521948011365765,-3.6569145198863424,-3.0899245198863383,-2.4664855198863407,-1.8425465198863407,-4.167205519886345,-2.1260415198863427,1.2191994801136588,2.863470480113655,-2.4662355198863395,3.5155089801136583,0.8790054801136549,7.909681480113662,2.57997548011366,-1.445653519886342,-1.5590515198863386,8.221525980113661,-0.31167351988634096,2.211431980113659,-13.324094019886342,11.453368980113659,10.801330480113656,2.494926980113661,0.17026798011365685,0.5388114801136581,3.8840524801136596,1.58774298011366,-1.1054595198863382,11.05647598011366,-4.90429251988634,5.811818480113658,1.3095144801136556,4.365993980113657,-0.8786635198863451,6.038614480113658,-4.223904519886339,-7.42739801988634,6.605604480113655,-0.16992601988633993,-1.587401019886343,1.729490480113661,-5.44293301988634,-10.205649019886344,