"N" <- 15
"k" <- structure(c(5,5,6,5,6,6,5,7,8,5,6,5,6,7,2
), .Dim=c(15))
"n" <- structure(c(9,9,9,9,9,9,9,9,9,9,9,9,9,9,9
), .Dim=c(15))
