"X" <- structure(c(1.0,1.0,1.0,1.0,1.0,1.0,1.0,1.0,1.0,1.0,1.0,1.0,1.0,1.0,1.0,1.0,1.0,1.0,1.0,1.0,1.0,1.0,1.0,1.0,1.0,1.0,1.0,1.0,1.0,1.0,1.0,1.0,1.0,1.0,1.0,1.0,1.0,1.0,1.0,1.0,1.0,1.0,1.0,1.0,1.0,1.0,1.0,1.0,1.0,1.0,1.0,1.0,1.0,1.0,1.0,1.0,1.0,1.0,1.0,1.0,1.0,1.0,1.0,1.0,1.0,1.0,1.0,1.0,1.0,1.0,1.0,1.0,1.0,1.0,1.0,1.0,1.0,1.0,1.0,1.0,1.0,1.0,1.0,1.0,1.0,1.0,1.0,1.0,1.0,1.0,1.0,1.0,1.0,1.0,1.0,1.0,1.0,1.0,1.0,1.0,1.0,1.0,1.0,1.0,1.0,1.0,1.0,1.0,1.0,1.0,1.0,1.0,1.0,1.0,1.0,1.0,1.0,1.0,1.0,1.0,1.0,1.0,1.0,1.0,1.0,1.0,1.0,1.0,1.0,1.0,1.0,1.0,1.0,1.0,1.0,1.0,1.0,1.0,1.0,1.0,1.0,1.0,1.0,1.0,1.0,1.0,1.0,1.0,1.0,1.0,1.0,1.0,1.0,1.0,1.0,1.0,1.0,1.0,1.0,1.0,1.0,1.0,1.0,1.0,1.0,1.0,1.0,1.0,1.0,1.0,1.0,1.0,1.0,1.0,1.0,1.0,1.0,1.0,1.0,1.0,1.0,1.0,1.0,1.0,1.0,1.0,1.0,1.0,1.0,1.0,1.0,1.0,1.0,1.0,1.0,1.0,1.0,1.0,1.0,1.0,1.0,1.0,1.0,1.0,1.0,1.0,1.0,1.0,1.0,1.0,1.0,1.0,1.0,1.0,1.0,1.0,1.0,1.0,1.0,1.0,1.0,1.0,1.0,1.0,1.0,1.0,1.0,1.0,1.0,1.0,1.0,1.0,1.0,1.0,1.0,1.0,1.0,1.0,1.0,1.0,1.0,1.0,1.0,1.0,1.0,1.0,1.0,0.47180320450039465,-1.3053908548849293,-2.0295974340844496,-0.5545263647946306,2.8488002589282666,-1.029925775680204,1.6714091945854885,-1.558641008347339,1.5159047143892725,0.7961411203382163,-0.5634123350915563,-1.3764786172603425,-0.39013591430148775,-1.0121538350863515,0.6539655955873902,-1.4608953350811453,-0.7055878598423825,1.6136503876554653,-1.1454433895402505,-0.9899389093440346,0.2807548431164722,-1.4475663796357554,0.40515842727344564,0.4806891747973216,0.7206103728143404,0.7161673876658774,-0.9810529390471078,-0.378507704013195,-0.02581113212749558,2.160137560916453,0.9536277397137894,1.489246803498493,0.16968021440488976,0.5029041005396383,1.1604659025122084,0.12969334806872032,-0.37680695885609794,1.7424969569609015,0.5473339520242706,-1.1721013004310301,0.36961454608573907,0.3873864866795918,-1.0787986123133004,0.374057531234202,0.8538999272682395,-0.8522063697416714,-1.336491750924173,0.227439021334913,-0.39902188459841464,0.44070230846115216,1.8713435262663378,0.3785005163826649,-0.6078421865761898,1.9202163628994342,-0.28794725588683107,-0.7633466667724057,0.17856618470181665,0.43625932331268813,-1.1454433895402505,0.03194767480252655,1.5736635213192958,0.74726828370512,-0.4834386024192175,-0.4167938251922674,-0.3590350182622441,-0.9899389093440346,2.3422999520034486,0.4895751450942485,-0.8655353251870623,-1.2431890628064433,-0.42123681034073024,-0.0391400875728865,0.47624618964885757,1.6269793431008561,-0.6167281568731167,1.0006442847865074,0.662851565884317,1.3515142638961308,-0.40346486974687756,-0.6078421865761898,0.7650402242989738,-0.07468396876059302,0.17856618470181665,-0.447894721231511,1.044948288652162,-0.11022784994829955,-1.9762816123028892,1.8713435262663378,-1.3053908548849293,0.6317506698450734,1.9024444223055814,-0.42567979548919427,0.6539655955873902,-2.0829132558660093,0.12969334806872032,-0.14577173113600497,0.11636439262332941,-0.5722983053884833,0.06749155599023307,1.3826151599353733,1.1737948579575983,-0.8966362212263049,0.13857931836564613,1.044948288652162,-0.963280998453255,-0.8744212954839882,-0.07468396876059302,-0.8299914439993559,-2.1540010182414218,0.3074127540072518,-0.6567150232092861,0.8405709718228497,-0.5545263647946306,-1.412022498448049,0.06304857084177018,0.5162330559850281,0.1341363332171832,-0.5678553202400204,-1.0032678647894244,0.5517769371727346,-0.9232941321170846,-0.7500177113270159,1.48480381835003,-0.8433203994447457,-2.0295974340844496,-1.0610266717194476,-1.3675926469634165,-0.6167281568731167,0.48513215994578446,0.45403126390654197,0.2452109619287657,-1.2876189142910766,1.8402426302270942,-0.958838013304791,0.41848738271883545,-1.3498207063695629,-0.5545263647946306,-0.008039191533642874,0.8805578381590191,2.137922635174136,-0.06135501331520211,-0.06506407019508101,-0.0391400875728865,-0.6789299489516029,-1.629728770722751,-1.8874219093336235,0.7428212237894177,1.3115273975599604,-0.67448696380314,0.9072157490497987,0.7953387046356423,-1.7585753400281874,0.520676041133491,-0.3234911370745376,-1.709702503395091,0.9560885856828962,0.14746528866257302,2.1956814421041595,-0.21241650836295511,-1.6563866816135318,-0.8522063697416714,2.311199055964206,-0.7589036816239428,-0.13688576083907916,1.5336766549831264,-0.5456403944977036,-0.35907419871647156,-0.26128934499605144,-0.3057191964806849,0.21855305103798608,-0.3590350182622441,0.5784348480635142,0.16523722925642573,1.267097546075328,0.4318163381642252,-0.1990875529175653,-0.216859493511418,-0.021368146979032682,0.374057531234202,-2.0606983301236927,1.8224706896332414,1.720282031218585,0.41848738271883545,0.054162600544843266,0.6361936549935375,0.27631185796800933,-0.14577173113600497,0.7117244025174134,0.9738605262767489,-0.6345000974669694,1.0627202292460147,0.0008467787632840351,-0.22130247865988203,0.29852678371032604,-0.8255484588508918,-1.571969963792729,-0.8655353251870623,0.6050927589542938,-1.4431233944872925,-0.17242964202678568,0.5295620114304179,0.964974555979822,-0.12799979054215227,0.5295620114304179,0.591763803508904,0.41848738271883545,-1.2874942420857252,0.6495226104389272,1.0094044074644555,0.26742588767108244,-1.2298601073610533,0.600649773805831,0.3873864866795918,1.6580802391400986,1.4714748629046404,-0.27461830044144125,-1.6652726519104575,-0.07468396876059302,-1.780790265770504,0.3873864866795918,0.20522409559259627,-0.6211711420215796,0.04971961539638037,-0.40346486974687756,-0.4967675578646073,0.06304857084177018,1.0094044074644555,0.6983954470720236,1.0005184371675284,-1.4564523499326825,0.3074127540072518,-1.0367393350312337,-0.23745806879504391,1.3826151599353733,-0.28794725588683107,-0.7900045776631853,-0.23018844895680893,-0.09245590935444573,-1.0565836865709848,-0.11022784994829955,-0.12355680539368936,0.4806891747973216,-0.8477633845932085,-0.590070245982337,0.34739962034342237,-1.6563866816135318,1.1515799322152815
), .Dim=c(247, 2))
"N" <- 247
"K" <- 2
