"N" <- 15
"k" <- structure(c(5,6,6,6,6,6,6,6,4,6,6,8,8,5,7
), .Dim=c(15))
"n" <- structure(c(9,9,9,9,9,9,9,9,9,9,9,9,9,9,9
), .Dim=c(15))
