"T" <- structure(c(13,22,24,43,33,19,40,28,55,71
), .Dim=c(10))
"P" <- structure(c(1100,1500,3600,4791,7400,8000,9200,13000,17500,275000
), .Dim=c(10))
"N" <- 10
"N_societies" <- 10
"society" <- structure(c(1,2,3,4,5,6,7,8,9,10
), .Dim=c(10))
