"male" <- structure(c(1,0,1,0,1,0,1,0,1,0,1,0
), .Dim=c(12))
"admit" <- structure(c(512,89,353,17,120,202,138,131,53,94,22,24
), .Dim=c(12))
"N" <- 12
"N_depts" <- 6
"dept_id" <- structure(c(1,1,2,2,3,3,4,4,5,5,6,6
), .Dim=c(12))
"applications" <- structure(c(825,108,560,25,325,593,417,375,191,393,373,341
), .Dim=c(12))
