"X" <- structure(c(1.0,1.0,1.0,1.0,1.0,1.0,1.0,1.0,1.0,1.0,1.0,1.0,1.0,1.0,1.0,1.0,1.0,1.0,1.0,1.0,1.0,1.0,1.0,1.0,1.0,1.0,1.0,1.0,1.0,1.0,1.0,1.0,1.0,1.0,1.0,1.0,1.0,1.0,1.0,1.0,1.0,1.0,1.0,1.0,1.0,1.0,1.0,1.0,1.0,1.0,1.0,1.0,1.0,1.0,1.0,1.0,1.0,1.0,1.0,1.0,1.0,1.0,1.0,1.0,1.0,1.0,1.0,1.0,1.0,1.0,1.0,1.0,1.0,1.0,1.0,1.0,1.0,1.0,1.0,1.0,1.0,1.0,1.0,1.0,1.0,1.0,1.0,1.0,1.0,1.0,1.0,1.0,1.0,1.0,1.0,1.0,1.0,1.0,1.0,1.0,1.0,1.0,1.0,1.0,1.0,1.0,1.0,1.0,1.0,1.0,1.0,1.0,1.0,1.0,1.0,1.0,1.0,1.0,1.0,1.0,1.0,1.0,1.0,1.0,1.0,1.0,1.0,1.0,1.0,1.0,1.0,1.0,1.0,1.0,1.0,1.0,1.0,1.0,1.0,1.0,1.0,1.0,1.0,1.0,1.0,1.0,1.0,1.0,1.0,1.0,1.0,1.0,1.0,1.0,1.0,1.0,1.0,1.0,1.0,1.0,1.0,1.0,1.0,1.0,1.0,1.0,1.0,1.0,1.0,1.0,1.0,1.0,1.0,1.0,1.0,1.0,1.0,1.0,1.0,1.0,1.0,1.0,1.0,1.0,1.0,1.0,1.0,1.0,1.0,1.0,1.0,1.0,1.0,1.0,1.0,1.0,1.0,1.0,1.0,1.0,1.0,1.0,1.0,1.0,1.0,1.0,1.0,1.0,1.0,1.0,1.0,1.0,1.0,1.0,1.0,1.0,1.0,1.0,1.0,1.0,1.0,1.0,1.0,1.0,1.0,1.0,1.0,1.0,1.0,1.0,1.0,1.0,1.0,1.0,1.0,1.0,1.0,1.0,1.0,1.0,1.0,1.0,1.0,1.0,1.0,1.0,1.0,0.45646998933937416,-0.5439265871282027,2.773405783322723,1.6257646891066713,-1.5226695580445333,1.4741894502479476,-0.5525880293487004,-1.345109992524313,0.569068738205855,-0.38368990604898023,-0.32305981050549093,-1.4273936936190488,-0.6911711048766765,-1.1199124947913526,-0.9683372559326288,-0.9163686026096383,-1.4144015302883013,0.39150917268563606,0.6989903715133324,0.6946596504030835,-0.8730613915071455,0.7726126303875693,-0.5482573082384515,-0.028570775008541143,2.102144011234089,-0.09353159166228035,1.4482051235864524,0.16198095384242547,0.48678503711111937,1.1277317614280085,0.42615494156763006,-0.3706977427182326,-1.275818454760325,1.6950562268706595,-1.1675504270040942,0.5300922482136111,-1.1458968214528478,0.356863403803642,0.3741862882446385,1.9419073301548664,0.36119412491389086,-0.24943755163125295,0.8289120048208097,0.8938871810852775,-0.8254234592944039,1.6604104579886654,-0.31006764717474333,-1.492354510272788,-0.5958952404511932,-1.851804362423476,1.8682850712806296,-0.284083320513247,-0.747470479309917,0.17064239606292425,-0.5699109137896979,0.42182422045738016,-0.392351348269479,1.2619841158457346,0.8245812837105608,-0.9683372559326288,2.279703576754308,0.4737928737803717,-0.8470770648456503,-0.041562938339289854,0.460800710449623,-0.604556682671692,0.9719484691974974,1.313952769168726,1.6084418046656748,-0.39668206937972783,-0.5958952404511932,0.7422975826158252,-0.07620870722128388,0.17064239606292425,-0.43998928048222063,1.0151330125615274,-0.11085447610327791,-1.9297573424079617,1.8206471390678878,1.1970232991919965,-1.275818454760325,0.6123759493083468,1.850962186839633,-0.41833567493097423,0.8159198414900621,2.5915154966922542,0.6340295548595932,-2.0336946490539445,-1.457708741390794,0.1230044638501826,-0.14550024498527087,0.11001230051943389,-0.890384275948142,-0.5612494715691992,0.062374368306692234,1.3442678169404703,1.140723924758756,-0.8773921126173944,-0.678178941545929,1.0151330125615274,-0.9423529292711336,-0.8124312959636562,-2.102986186817932,0.8159198414900621,-0.5439265871282027,0.02339787831444936,-1.3797557614063072,0.058043647196443386,0.49977720044186696,0.12733518496043145,-1.0073137459248716,-0.9033764392788896,0.8202505626003109,0.11648229810468091,-0.8254234592944039,-0.24943755163125295,-1.9817259957309534,0.09268941607843742,-1.0376287936966169,-1.3364485503038155,0.4694621526701218,0.23560321271666237,-0.5612494715691992,-1.2584955703193286,-1.2411726858783312,1.7903320912961427,-0.9380222081608836,-1.3191256658628179,-0.5439265871282027,-0.011247890567544671,0.8548963314823049,-1.0549516781376134,2.0804904056828426,-0.06321654389053517,-0.06683188141520874,-0.041562938339289854,-0.032901496118791076,-0.6651867782151814,-1.8431429202029772,0.7206400052573562,1.2749762791764823,-1.1848733114450918,-0.6608560571049324,0.8808806581438002,-0.13250808165452324,0.7718304898882847,-1.7175520080057487,-0.1498309660955208,-1.669914075793007,-0.7821162481919111,-1.3581021558550608,0.9285185903565429,0.14032734829117907,0.6686753237415872,-0.21046106163901007,1.0887552714357644,0.8938728214745489,-1.6179454224700165,2.2493885289825637,-0.7431397581996682,-0.13683880276477317,1.4915123346889452,0.036390041645196984,-0.5352651449077039,-0.44865072270271833,-0.35341304873130186,-0.6132181248921907,0.20961888605516713,0.460800710449623,0.5604072959853563,0.15765023273217554,1.2316690680739903,-0.19746889830826245,-0.21479178274925892,1.2793070002867322,-0.024240053898292296,0.36119412491389086,-2.012041043502698,1.7730092068551462,0.40450133601638366,0.04938220497594461,0.10568157940918504,0.6167066704185967,1.7123791113116569,-0.7258168737586705,0.2234155694912823,0.6903289292928336,-0.11085447610327791,-0.6218795671126884,-1.1112510525708537,-0.002586448347045892,-0.21912250385950885,0.28757186603965396,-0.8081005748534063,-1.5356617213752808,-0.8470770648456503,0.5863916226468515,-0.1714845716467672,0.9371800325770406,-0.1281773605442744,0.5127693637726146,0.28324114492940405,1.7686784857448974,0.5733994593161039,0.40450133601638366,0.6296988337493443,0.9804872436795334,-1.2021961958860883,0.5820609015366027,-1.0376287936966169,0.3741862882446385,1.6127725257759238,1.4308822391454559,-0.2710911571824994,-1.6266068646905143,-1.739205613556995,0.1966267227244195,-0.6088874037819408,0.8419041681515573,0.04505148386569576,0.058043647196443386,0.677336765962086,0.9718258014590347,-0.1498309660955208,-1.4230629725088,0.29623330826015165,-0.4529814438129683,-1.0139551422679691,-0.23486987930844075,1.3442678169404703,-0.284083320513247,-0.7734548059714123,-0.22778394608000763,1.1970232991919965,-0.9769986981531276,-0.31006764717474333,-1.3667635980755595,-0.09353159166228035,-1.033298072586368,-0.11085447610327791,-0.12384663943402553,0.46513143155987297,-0.8297541804046527,0.3352097982523956,-1.6179454224700165,1.4092286335942095,1.17536969364075
), .Dim=c(247, 2))
"N" <- 247
"K" <- 2
