"N" <- 512
"k" <- structure(c(6,6,7,7,6,8,8,8,6,7,7,7,8,6,6,6,7,6,6,5,7,7,6,6,8,6,5,6,6,8,3,8,6,5,7,8,4,5,8,6,7,7,5,6,5,7,8,7,6,9,7,6,7,6,6,6,7,7,5,5,7,5,5,7,4,6,5,7,7,6,6,2,6,5,6,8,5,7,6,7,8,6,6,5,7,7,5,5,5,7,5,6,7,7,7,6,7,6,7,6,5,6,8,6,6,4,8,7,3,6,5,7,5,6,6,9,4,7,6,5,7,4,7,5,3,6,7,6,6,3,6,4,7,5,9,5,6,5,9,8,6,5,6,7,7,6,6,5,7,8,6,6,5,8,5,4,6,5,7,6,8,8,6,2,7,7,7,8,5,7,6,7,6,5,5,6,7,8,7,7,4,7,6,5,7,7,5,8,8,7,7,6,4,8,6,8,4,5,5,6,7,5,5,6,6,6,7,8,4,5,8,6,4,8,6,6,7,6,7,6,7,7,5,7,8,8,7,7,3,3,7,6,4,7,5,6,7,6,9,8,8,6,8,7,7,5,7,8,7,6,5,5,4,2,6,6,7,5,6,4,4,6,6,7,8,5,6,6,6,7,6,6,8,4,2,6,3,2,5,5,8,5,5,4,5,5,6,7,6,7,3,8,4,6,6,7,6,7,8,7,6,9,7,6,6,8,6,8,7,6,7,6,7,8,6,8,6,6,6,8,7,8,7,6,9,6,4,8,8,7,8,8,7,3,3,6,7,5,4,5,5,5,6,5,6,9,4,3,4,6,6,4,5,4,6,6,6,8,7,4,7,6,7,6,6,7,7,7,6,5,7,6,8,7,7,5,9,6,6,7,5,5,7,4,5,6,7,8,5,5,8,7,5,5,5,4,8,6,7,5,5,6,5,6,5,4,6,5,6,4,7,7,7,7,6,6,8,5,6,5,5,7,7,8,8,7,5,7,5,6,6,6,6,6,7,5,7,7,5,7,4,8,5,3,9,7,6,5,8,9,4,7,4,4,4,9,6,6,7,8,7,7,4,7,6,6,8,8,8,5,6,6,5,8,6,5,7,6,8,7,8,8,5,6,5,6,4,5,6,9,5,7,7,7,7,5,4,8,8,7,5,4,4,6,7,6,8,9,6,8,4,4
), .Dim=c(512))
"n" <- structure(c(9,9,9,9,9,9,9,9,9,9,9,9,9,9,9,9,9,9,9,9,9,9,9,9,9,9,9,9,9,9,9,9,9,9,9,9,9,9,9,9,9,9,9,9,9,9,9,9,9,9,9,9,9,9,9,9,9,9,9,9,9,9,9,9,9,9,9,9,9,9,9,9,9,9,9,9,9,9,9,9,9,9,9,9,9,9,9,9,9,9,9,9,9,9,9,9,9,9,9,9,9,9,9,9,9,9,9,9,9,9,9,9,9,9,9,9,9,9,9,9,9,9,9,9,9,9,9,9,9,9,9,9,9,9,9,9,9,9,9,9,9,9,9,9,9,9,9,9,9,9,9,9,9,9,9,9,9,9,9,9,9,9,9,9,9,9,9,9,9,9,9,9,9,9,9,9,9,9,9,9,9,9,9,9,9,9,9,9,9,9,9,9,9,9,9,9,9,9,9,9,9,9,9,9,9,9,9,9,9,9,9,9,9,9,9,9,9,9,9,9,9,9,9,9,9,9,9,9,9,9,9,9,9,9,9,9,9,9,9,9,9,9,9,9,9,9,9,9,9,9,9,9,9,9,9,9,9,9,9,9,9,9,9,9,9,9,9,9,9,9,9,9,9,9,9,9,9,9,9,9,9,9,9,9,9,9,9,9,9,9,9,9,9,9,9,9,9,9,9,9,9,9,9,9,9,9,9,9,9,9,9,9,9,9,9,9,9,9,9,9,9,9,9,9,9,9,9,9,9,9,9,9,9,9,9,9,9,9,9,9,9,9,9,9,9,9,9,9,9,9,9,9,9,9,9,9,9,9,9,9,9,9,9,9,9,9,9,9,9,9,9,9,9,9,9,9,9,9,9,9,9,9,9,9,9,9,9,9,9,9,9,9,9,9,9,9,9,9,9,9,9,9,9,9,9,9,9,9,9,9,9,9,9,9,9,9,9,9,9,9,9,9,9,9,9,9,9,9,9,9,9,9,9,9,9,9,9,9,9,9,9,9,9,9,9,9,9,9,9,9,9,9,9,9,9,9,9,9,9,9,9,9,9,9,9,9,9,9,9,9,9,9,9,9,9,9,9,9,9,9,9,9,9,9,9,9,9,9,9,9,9,9,9,9,9,9,9,9,9,9,9,9,9,9,9,9,9,9,9,9,9,9
), .Dim=c(512))
