"N" <- 16
"k" <- structure(c(5,6,4,5,6,5,4,6,9,4,4,7,7,6,6,7
), .Dim=c(16))
"n" <- structure(c(9,9,9,9,9,9,9,9,9,9,9,9,9,9,9,9
), .Dim=c(16))
