"N" <- 15
"k" <- structure(c(6,9,8,7,7,6,6,6,6,5,5,7,8,6,6
), .Dim=c(15))
"n" <- structure(c(9,9,9,9,9,9,9,9,9,9,9,9,9,9,9
), .Dim=c(15))
