"N" <- 15
"k" <- structure(c(5,6,5,7,7,9,4,7,6,8,5,4,8,5,6
), .Dim=c(15))
"n" <- structure(c(9,9,9,9,9,9,9,9,9,9,9,9,9,9,9
), .Dim=c(15))
