"N" <- 15
"k" <- structure(c(4,5,5,5,7,6,7,6,7,8,4,4,4,7,6
), .Dim=c(15))
"n" <- structure(c(9,9,9,9,9,9,9,9,9,9,9,9,9,9,9
), .Dim=c(15))
