"X" <- structure(c(1.0,1.0,1.0,1.0,1.0,1.0,1.0,1.0,1.0,1.0,1.0,1.0,1.0,1.0,1.0,1.0,1.0,1.0,1.0,1.0,1.0,1.0,1.0,1.0,1.0,1.0,1.0,1.0,1.0,1.0,1.0,1.0,1.0,1.0,1.0,1.0,1.0,1.0,1.0,1.0,1.0,1.0,1.0,1.0,1.0,1.0,1.0,1.0,1.0,1.0,1.0,1.0,1.0,1.0,1.0,1.0,1.0,1.0,1.0,1.0,1.0,1.0,1.0,1.0,1.0,1.0,1.0,1.0,1.0,1.0,1.0,1.0,1.0,1.0,1.0,1.0,1.0,1.0,1.0,1.0,1.0,1.0,1.0,1.0,1.0,1.0,1.0,1.0,1.0,1.0,1.0,1.0,1.0,1.0,1.0,1.0,1.0,1.0,1.0,1.0,1.0,1.0,1.0,1.0,1.0,1.0,1.0,1.0,1.0,1.0,1.0,1.0,1.0,1.0,1.0,1.0,1.0,1.0,1.0,1.0,1.0,1.0,1.0,1.0,1.0,1.0,1.0,1.0,1.0,1.0,1.0,1.0,1.0,1.0,1.0,1.0,1.0,1.0,1.0,1.0,1.0,1.0,1.0,1.0,1.0,1.0,1.0,1.0,1.0,1.0,1.0,1.0,1.0,1.0,1.0,1.0,1.0,1.0,1.0,1.0,1.0,1.0,1.0,1.0,1.0,1.0,1.0,1.0,1.0,1.0,1.0,1.0,1.0,1.0,1.0,1.0,1.0,1.0,1.0,1.0,1.0,1.0,1.0,1.0,1.0,1.0,1.0,1.0,1.0,1.0,1.0,1.0,1.0,1.0,1.0,1.0,1.0,1.0,1.0,1.0,1.0,1.0,1.0,1.0,1.0,1.0,1.0,1.0,1.0,1.0,1.0,1.0,1.0,1.0,1.0,1.0,1.0,1.0,1.0,1.0,1.0,1.0,1.0,1.0,1.0,1.0,1.0,1.0,1.0,1.0,1.0,1.0,1.0,1.0,1.0,1.0,1.0,1.0,1.0,1.0,1.0,1.0,1.0,1.0,1.0,1.0,1.0,0.44090324930714125,-1.3130191186699811,-2.0277424836206595,1.2477075385766174,-0.5719869181996475,2.786774416476544,-1.041161151633527,1.6248008476916989,-1.562953056106722,0.7609940814629661,-0.5807565300395323,-1.383176013389066,0.4214757417749703,0.5549082032256546,-0.40974909916176333,-1.0236219279537564,0.6206802920247961,-0.34836181628256424,-1.4664873258679794,-1.470872131787923,-0.7210703194777023,-1.1551661055520404,-1.001697898354042,0.2523565947496005,-1.4533329081081512,0.3751311605079998,0.44967286114702715,0.6864523808239387,0.6820675749039963,1.7914234726495255,-0.9052321681153006,-0.5763717241195899,-0.3982731559374019,-0.05019501372645253,2.107129498885408,-0.11596710252559511,0.9164184724692317,1.445023804974044,0.4715968907467413,0.41020960786754224,-0.39659468140193505,-1.3130191186699811,1.694957742410784,-1.2033989706714112,0.5154449499461686,-1.1814749410716971,0.34005271314845725,0.357591936828228,-1.089394016752898,0.3444375190683997,0.8179965584222227,-0.8657689148358146,0.883783186164079,-0.8569993029959299,-1.3437127601095813,0.1997389237102873,0.41020960786754224,0.5549082032256546,-0.33520739852273596,1.8221171140891257,0.971464765620221,-0.6246045892389607,-1.8961983060223753,-0.3088985630030783,-0.7780727964369589,0.1515060585909165,-0.5982957537193041,0.006807463232803058,-0.4185187110016492,1.5283351174529574,1.322249239215646,1.1161633609783335,-0.39659468140193505,0.7127612163435952,1.7081121601706122,1.2564771504165033,0.8136117525022803,-0.37905545772216326,0.6382195157045679,-1.001697898354042,2.286906541603063,0.45844247298691304,-0.878923332595644,-0.44044274060136235,-0.06334943148628193,0.44528805522708365,-1.8523502468229467,-0.6333742010788466,0.9628193534718195,0.629449903864682,1.3090948214558176,1.6072616240119282,-0.4229035169215916,-0.6246045892389607,0.7303004400233671,-0.09842787884582442,-0.46675157612102003,1.0065432129797636,-0.1335063262053669,-1.975124812581345,1.8221171140891257,1.1907050616173618,0.8048421406623945,0.2435869829097146,2.6026125678389453,0.6206802920247961,-2.080360154659973,0.10327319347154573,0.09011877571171634,-0.9227713917950713,-0.5895261418794182,0.041885910592345546,1.1337025846581053,-0.909616974035243,0.11204280531143053,-0.707915901717874,1.0065432129797636,-0.9753890628343856,-0.8876929444355288,-0.8438448852361016,-2.1505170493790575,0.2786654302692571,-0.6728374543583315,-0.5719869181996475,1.4886960048344726,-1.4182544607486085,0.03750110467240315,0.48475130850656967,0.10765799939148814,0.5329841736259404,-0.44044274060136235,0.5198297558661121,-0.9359258095548996,-0.7649183786771306,0.8092269465823368,1.4406389990541018,0.09666957475686058,-0.8569993029959299,-1.3744064015491813,0.4233640256273706,0.21727814739005802,-0.5895261418794182,-1.2779406713104386,-0.9710042569144421,0.38828557826782806,-1.3568671778694095,-0.032655790046681836,0.8443053939418793,1.5941072062521,-1.089394016752898,2.0852054692856936,-0.08527346108599503,-0.05457981964639603,-0.6947614839580457,-0.13789113212530932,-1.3963304311488944,1.2696315681763317,-0.6903766780381033,0.870614229461536,-0.15543035580508,-0.1729695794848518,0.48913611442651206,-0.34397701036262074,-0.8131512437965015,-1.3963304311488944,0.9188470945809079,0.6557587393843386,2.1422079462449504,-0.23435686236405087,1.081084913618791,0.8837686472213654,-1.6594187863454637,-0.8657689148358146,2.256212900163464,1.111778555058391,-0.7736879905170165,-0.1598151617250235,0.015577075072688955,-0.5632173063597616,-0.4755211879609048,-0.37909412512299895,-0.32643778668285006,0.19096931187040142,0.44528805522708365,0.5461385913857687,1.2257835089769045,0.40143999602765634,-0.2387416682839933,1.274016374096275,-0.04581020780651013,0.3444375190683997,1.7738842489697548,0.38828557826782806,0.08573396979177395,0.2479717888296581,-0.1685847735649083,1.7124969660905558,-0.7561487668372447,0.9013078709011361,0.20493829709622977,0.9363863182606785,-1.1463964937121545,-0.023886178206795936,0.26989581842937227,-0.8394600793161581,-1.5761074738665504,-0.878923332595644,-1.1639357173919263,0.5724474269054253,-1.4489481021882087,-0.1510455498851376,0.49790572626639795,0.26551101250942877,1.7694994430498123,0.38828557826782806,-1.2953568553207515,0.2392021769897722,-1.2384774180309537,-1.0718547930731273,0.357591936828228,1.6116464299318707,1.4274845812942734,-1.7821933521038618,0.357591936828228,-0.637759006998789,-0.5149844412403908,0.9626951537803351,-0.1729695794848518,-1.462102519948037,-0.32319343708314846,0.2786654302692571,-1.0478854899736203,1.3397884628954166,-0.8043816319566155,-0.2518960860438227,1.1907050616173618,-1.010467510193928,-0.33520739852273596,-0.11596710252559511,-1.0674699871531848,-0.1466607439651952,0.44967286114702715,-0.8613841089158722,-0.60706536555919,-0.6421438129187325,0.3181286835487431,-1.6594187863454637
), .Dim=c(247, 2))
"N" <- 247
"K" <- 2
