"N" <- 15
"k" <- structure(c(4,7,6,5,4,7,7,6,6,6,7,5,6,6,7
), .Dim=c(15))
"n" <- structure(c(9,9,9,9,9,9,9,9,9,9,9,9,9,9,9
), .Dim=c(15))
