"X" <- structure(c(1.0,1.0,1.0,1.0,1.0,1.0,1.0,1.0,1.0,1.0,1.0,1.0,1.0,1.0,1.0,1.0,1.0,1.0,1.0,1.0,1.0,1.0,1.0,1.0,1.0,1.0,1.0,1.0,1.0,1.0,1.0,1.0,1.0,1.0,1.0,1.0,1.0,1.0,1.0,1.0,1.0,1.0,1.0,1.0,1.0,1.0,1.0,1.0,1.0,1.0,1.0,1.0,1.0,1.0,1.0,1.0,1.0,1.0,1.0,1.0,1.0,1.0,1.0,1.0,1.0,1.0,1.0,1.0,1.0,1.0,1.0,1.0,1.0,1.0,1.0,1.0,1.0,1.0,1.0,1.0,1.0,1.0,1.0,1.0,1.0,1.0,1.0,1.0,1.0,1.0,1.0,1.0,1.0,1.0,1.0,1.0,1.0,1.0,1.0,1.0,1.0,1.0,1.0,1.0,1.0,1.0,1.0,1.0,1.0,1.0,1.0,1.0,1.0,1.0,1.0,1.0,1.0,1.0,1.0,1.0,1.0,1.0,1.0,1.0,1.0,1.0,1.0,1.0,1.0,1.0,1.0,1.0,1.0,1.0,1.0,1.0,1.0,1.0,1.0,1.0,1.0,1.0,1.0,1.0,1.0,1.0,1.0,1.0,1.0,1.0,1.0,1.0,1.0,1.0,1.0,1.0,1.0,1.0,1.0,1.0,1.0,1.0,1.0,1.0,1.0,1.0,1.0,1.0,1.0,1.0,1.0,1.0,1.0,1.0,1.0,1.0,1.0,1.0,1.0,1.0,1.0,1.0,1.0,1.0,1.0,1.0,1.0,1.0,1.0,1.0,1.0,1.0,1.0,1.0,1.0,1.0,1.0,1.0,1.0,1.0,1.0,1.0,1.0,1.0,1.0,1.0,1.0,1.0,1.0,1.0,1.0,1.0,1.0,1.0,1.0,1.0,1.0,1.0,1.0,1.0,1.0,1.0,1.0,1.0,1.0,1.0,1.0,1.0,1.0,1.0,1.0,1.0,1.0,1.0,1.0,1.0,1.0,1.0,1.0,1.0,1.0,1.0,1.0,1.0,1.0,1.0,1.0,-1.2789062538613036,-1.991863297104138,1.275491986959646,-0.5397053930757896,-1.0077201392536,1.6516533717380737,-1.5282225205167739,0.4513020866874376,0.5844047916690471,-0.3778685182292565,0.650014335525749,-1.0602077743389626,-1.4363691591173902,-0.6884203591509812,-0.9683544129395788,0.28260088992821525,0.4050720384607272,0.715623879382452,0.7112499097920055,0.7899813624200478,-0.544079362666236,-0.9596064737586849,-0.3664209359185425,-0.019203011812615564,2.1327900266872257,0.30009676829000315,-0.08481255566931853,1.472320618529754,0.17325165016704472,1.1486468688366887,0.44006379518430194,-1.2789062538613036,0.5450390653550249,0.3700802817371525,1.9709531518406924,-1.055833804748515,-0.2422754609254041,-0.8327613556357264,0.9124670139646583,-0.8240134164548336,0.23011325484285375,-0.38661645741015044,0.44006379518430194,0.5844047916690471,-0.30351103519166067,-1.4976047333836457,0.999931902761496,0.37882822091804536,-1.860644209390733,-0.2772672176489788,-0.7452819638267902,0.18199958934793867,-0.5659492106184704,-1.121443348605218,1.5554260407482436,1.349849469997243,-0.3647466094579161,-0.4697218796286402,-0.4041123357719372,1.28423992614054,0.8424689975054104,-0.3472507310961282,-0.9683544129395788,0.7768594536487075,2.3121227798955455,0.48817746067921697,-1.217670679595048,-0.032324920583957036,1.6079136758336061,-1.8169045134862645,1.3367275612259026,1.437328861806179,1.634157493376287,-0.39099042700059683,0.7593635752869207,-0.06731667730753173,-0.4347301229050655,-0.10230843403110643,-1.9393756620187752,1.8484820033081815,0.6281444875735147,1.8790997904413098,-0.4128602749528312,0.8337210583245165,0.2738529507473213,2.6270485904077177,-2.0443509321895,-1.462612976660071,0.1338859238530236,-0.13730019075468003,0.12076401508168212,-0.8896229603115354,-0.5572012714375764,0.07265034958676705,1.3673453483590297,1.161768777608029,-0.8765010515401951,0.14263386303391645,-0.942110595396898,-0.8546312035879607,-0.06731667730753173,-2.114334445636649,0.308844707470896,-0.6403066936560662,-0.5397053930757896,1.515884889702769,0.03328462327274593,-1.3838815240320277,0.06827637999632064,0.5144212782218978,0.13825989344347003,-0.5528273018471299,-0.9814763217109191,0.5494130349454724,-0.9027448690828759,1.4679466489393074,0.1272986249001625,-0.8240134164548336,-0.2422754609254041,-1.0383379263867283,-0.600940967342045,0.48380349108876947,0.24760913320464054,-0.5572012714375764,-1.2614103754995167,0.5187952478123442,-1.243914497137729,1.8178642161750533,-0.9377366258064506,-1.322645949765772,-0.5397053930757896,-0.0017071334508287645,0.8730867846385375,-0.05419476853619026,-0.057846210406852165,-0.032324920583957036,-0.6621765416083005,-0.10668240362155286,-1.8518962702098392,-1.3620116760797933,0.737489715863255,1.2973618349118803,-0.6578025720178541,0.8993306021812183,-0.12417828198333966,0.7891914111227382,-1.7250511520868808,-0.14167416034512756,0.5187952478123442,-0.3122589743725535,-1.6769374865919655,-0.7802737205503649,-1.3620116760797933,0.9474442676761344,0.1513818022148104,0.6850060922493237,2.1677817834108004,-0.202909734611383,1.1092811425226665,-1.6244498515066041,2.2815049927624185,1.1398989296557949,-0.7409079942363438,1.5160603144342224,0.046406532044086304,-0.5309574538948957,-0.44347806208595836,-0.34728930293681737,-0.609688906522939,-0.2947630960107667,0.2213653156619598,0.4750555519078755,-0.3472507310961282,0.5756568524881532,0.1688776805765972,1.2536221390074127,0.431315856003408,-0.01482904222216914,0.37445425132759896,-2.0224810842372656,1.8003683378132664,1.6997670372329887,0.4181939472320676,0.05952844081542668,0.1163900454912357,0.2782269203377688,-0.13730019075468003,1.739132763547011,0.23529977882925346,0.706875940201558,0.9649401460379212,-1.112695409424324,1.0524195378468575,0.30009676829000315,-0.8065175380930457,-1.5413444292881142,-0.845883264407068,-1.130191287786112,-0.16354400829736188,0.5275431869932381,-0.11980431239289323,0.5275431869932381,0.2957227986995556,1.79599436822282,-1.4232472503460498,-1.2612876399024442,0.6456403659353026,-1.0383379263867283,0.3875761600989393,1.6385314629667334,1.454824740167967,0.5712828828977068,-0.26414530887763843,-1.633197790687497,0.7987293016009417,-0.06731667730753173,-1.7469210000391149,0.2082434068906194,-0.6053149369324915,-0.39099042700059683,-0.48284378839998054,0.06827637999632064,0.999931902761496,0.991183963580602,-0.14167416034512756,-1.4276212199364964,-0.2915267642895994,-0.44785203167640586,-1.0144278594930916,-0.22756230943828207,1.3673453483590297,-0.2772672176489788,-0.771525781369471,1.218630382283838,-0.9771023521204728,-0.30351103519166067,-1.3707596152606873,-0.11543034280244681,0.479429521498323,-0.8283873860452801,-0.5746971497993643,-0.609688906522939,0.3482104337849182,-1.6244498515066041,1.1398989296557949,1.4329548922157327,1.1967605343316037
), .Dim=c(247, 2))
"N" <- 247
"K" <- 2
