"X" <- structure(c(1.0,1.0,1.0,1.0,1.0,1.0,1.0,1.0,1.0,1.0,1.0,1.0,1.0,1.0,1.0,1.0,1.0,1.0,1.0,1.0,1.0,1.0,1.0,1.0,1.0,1.0,1.0,1.0,1.0,1.0,1.0,1.0,1.0,1.0,1.0,1.0,1.0,1.0,1.0,1.0,1.0,1.0,1.0,1.0,1.0,1.0,1.0,1.0,1.0,1.0,1.0,1.0,1.0,1.0,1.0,1.0,1.0,1.0,1.0,1.0,1.0,1.0,1.0,1.0,1.0,1.0,1.0,1.0,1.0,1.0,1.0,1.0,1.0,1.0,1.0,1.0,1.0,1.0,1.0,1.0,1.0,1.0,1.0,1.0,1.0,1.0,1.0,1.0,1.0,1.0,1.0,1.0,1.0,1.0,1.0,1.0,1.0,1.0,1.0,1.0,1.0,1.0,1.0,1.0,1.0,1.0,1.0,1.0,1.0,1.0,1.0,1.0,1.0,1.0,1.0,1.0,1.0,1.0,1.0,1.0,1.0,1.0,1.0,1.0,1.0,1.0,1.0,1.0,1.0,1.0,1.0,1.0,1.0,1.0,1.0,1.0,1.0,1.0,1.0,1.0,1.0,1.0,1.0,1.0,1.0,1.0,1.0,1.0,1.0,1.0,1.0,1.0,1.0,1.0,1.0,1.0,1.0,1.0,1.0,1.0,1.0,1.0,1.0,1.0,1.0,1.0,1.0,1.0,1.0,1.0,1.0,1.0,1.0,1.0,1.0,1.0,1.0,1.0,1.0,1.0,1.0,1.0,1.0,1.0,1.0,1.0,1.0,1.0,1.0,1.0,1.0,1.0,1.0,1.0,1.0,1.0,1.0,1.0,1.0,1.0,1.0,1.0,1.0,1.0,1.0,1.0,1.0,1.0,1.0,1.0,1.0,1.0,1.0,1.0,1.0,1.0,1.0,1.0,1.0,1.0,1.0,1.0,1.0,1.0,1.0,1.0,1.0,1.0,1.0,1.0,1.0,1.0,1.0,1.0,1.0,1.0,1.0,1.0,1.0,1.0,1.0,1.0,1.0,1.0,1.0,1.0,1.0,0.4429511809083205,-2.025511728337111,1.2496957196315162,-0.5698639736843879,-1.0390034608766805,1.6267611018608361,1.4733042602558803,0.763018307684371,-0.5786329360618131,-1.3809929935962961,0.5569476918148594,-0.4076381697020058,-1.021465536121829,0.6227149096455541,-0.3462554330600237,-1.4642981361818437,-1.0916172351412374,-0.71893633410063,1.5697628464075666,-1.1529999717832193,-0.9995431301782637,0.2544184897936605,-0.9469293559137079,0.37718396307762575,0.4517201432857468,0.6884821274762499,0.6840976462875373,1.7933713870319308,-0.9030845440265773,-0.04811071222753737,0.2719564145485131,-0.11387793005823317,0.9184311882259657,0.14480646007583522,0.47364254922931204,1.1225457651588393,-0.3944847261358668,-1.310841294576888,1.6969128008802445,0.5174873611164414,0.34210811356792153,0.3596460383227731,1.9468282286368868,-1.0872327539525235,-0.27171925285190157,0.8200165631376405,0.8857983188343207,-1.3415326628978794,-0.41640713207943214,0.41225981258732997,1.6618369513705404,0.5569476918148594,-1.5300653540125393,1.8240627553529225,0.3508770759453468,-0.6224777479489436,-1.8939772926757203,1.8722920484287655,-0.7759345895538995,-0.5961708608166658,-1.1529999717832193,0.008887543225731006,1.5303025157091499,1.3242318998396383,1.1181612839701256,0.7147890146085278,1.7100662444463834,-0.4339450568342837,1.2584646820089425,-0.3769468013810142,0.6402528344004068,-0.9995431301782637,0.749864864118232,0.46048910566317314,-0.8767776568942994,-1.2494585579349058,-0.4383295380229963,-0.06126415579367741,0.44733566209703307,1.5829162899737068,-1.85013248078859,0.9648286328586374,1.6092231771059846,-0.42079161326814474,-0.09634000530338162,-0.46463642515527526,1.0085492542523005,-1.972897954072554,1.8240627553529225,1.1926974641782477,-1.310841294576888,0.6007925037019889,1.854754123673914,-0.44271401921171,0.6227149096455541,-1.4949895045028352,0.10534612937741841,-0.9206224687814288,-0.5874018984392394,0.04396339273543522,1.3417698245944898,-0.9074690252152899,0.11411509175484363,-0.7057828905344911,-0.8855466192717247,-0.8417018073845952,-2.148277201621075,0.28072537692593835,0.8068631195715015,-0.5698639736843879,0.0395789115467226,0.486795992795451,-0.5830174172505268,-0.4383295380229963,-1.0390034608766805,0.5218718423051552,-0.9337759123475678,0.8112476007602141,1.44261289193489,-0.8548552509507342,-2.025511728337111,0.07465476105642681,0.4561046244744594,0.21934264028395625,-0.5874018984392394,-1.2933033698220362,0.4911804739841636,-1.2757654450671836,0.3903374066437647,-1.3546861064640183,-0.5698639736843879,-0.030572787472685815,0.8463234502699183,-1.0872327539525235,2.0871316266757036,-0.08318656173724158,-0.0868467788152393,-0.06126415579367741,-0.052495193416251085,-0.13580033600179844,-1.6309084213529383,-1.885208330298294,-1.3941464371624352,0.7104005123079473,-0.6882449657796395,0.8726303374021962,-0.15333826075665,0.7622264579626403,-0.17087618551150266,0.4911804739841636,-1.709829082749773,-0.8110104390636037,-1.3941464371624352,0.9208596304780404,0.12288405413226997,0.6577907591552583,2.144129882128973,-0.23225892215348473,1.0830854344604215,0.8857837809683362,-1.6572153084852173,2.258126393035512,1.113776802781413,-0.1577227419453637,1.490842185010733,0.017656505603157333,-0.5610950113069616,-0.4734053875327005,-0.2804882152293279,-0.6400156727037963,-0.32433302711645845,0.19303575315167837,0.44733566209703307,0.5481787294374331,1.227773313687952,-0.2191054785873458,-0.23664340334219736,1.276002606763795,-0.04372623103882476,0.3464925947566342,-2.056203096658102,1.7758334622770793,0.3903374066437647,0.030809949169296275,0.08780820462256575,0.6051769848907026,-0.16649170432278895,1.7144507256350972,0.9033217057231878,0.6797131650988236,-0.13141585481308582,0.938397555232892,-1.144231009405793,-0.8373173261958815,-1.57391016589967,-0.8767776568942994,-1.446760211426992,-0.19279859145506792,0.9296285928554657,-0.14895377956793737,0.49994943636158995,0.2675719333597994,0.5043339175503025,0.3903374066437647,-1.4555291738044183,-1.293180339264685,0.6183304284568415,0.9734734047425962,0.24126504622752154,-1.2363051143687667,0.3596460383227731,1.6136076582946972,1.4294594483687508,-0.29364165879546683,-1.6659842708626424,-0.09634000530338162,-1.7799807817691815,0.3596460383227731,0.37718396307762575,-0.6356311915150826,0.8331700067037794,0.02642546798058366,-0.5128657182311184,0.0395789115467226,0.9734734047425962,0.9647044423651698,-0.17087618551150266,-1.459913654993131,0.28072537692593835,-0.4777898687214142,-1.0457273012237727,-0.25697074246836654,1.3417698245944898,-0.2497968469083374,1.1926974641782477,-1.0083120925556899,-1.4029153995398616,-0.11387793005823317,-1.0653103480089594,-0.13141585481308582,-0.14456929837922478,0.4517201432857468,-0.8592397321394468,-0.6049398231940921,0.3201857076243563,-1.6572153084852173,1.4075370424251856
), .Dim=c(247, 2))
"N" <- 247
"K" <- 2
