"X" <- structure(c(1.0,1.0,1.0,1.0,1.0,1.0,1.0,1.0,1.0,1.0,1.0,1.0,1.0,1.0,1.0,1.0,1.0,1.0,1.0,1.0,1.0,1.0,1.0,1.0,1.0,1.0,1.0,1.0,1.0,1.0,1.0,1.0,1.0,1.0,1.0,1.0,1.0,1.0,1.0,1.0,1.0,1.0,1.0,1.0,1.0,1.0,1.0,1.0,1.0,1.0,1.0,1.0,1.0,1.0,1.0,1.0,1.0,1.0,1.0,1.0,1.0,1.0,1.0,1.0,1.0,1.0,1.0,1.0,1.0,1.0,1.0,1.0,1.0,1.0,1.0,1.0,1.0,1.0,1.0,1.0,1.0,1.0,1.0,1.0,1.0,1.0,1.0,1.0,1.0,1.0,1.0,1.0,1.0,1.0,1.0,1.0,1.0,1.0,1.0,1.0,1.0,1.0,1.0,1.0,1.0,1.0,1.0,1.0,1.0,1.0,1.0,1.0,1.0,1.0,1.0,1.0,1.0,1.0,1.0,1.0,1.0,1.0,1.0,1.0,1.0,1.0,1.0,1.0,1.0,1.0,1.0,1.0,1.0,1.0,1.0,1.0,1.0,1.0,1.0,1.0,1.0,1.0,1.0,1.0,1.0,1.0,1.0,1.0,1.0,1.0,1.0,1.0,1.0,1.0,1.0,1.0,1.0,1.0,1.0,1.0,1.0,1.0,1.0,1.0,1.0,1.0,1.0,1.0,1.0,1.0,1.0,1.0,1.0,1.0,1.0,1.0,1.0,1.0,1.0,1.0,1.0,1.0,1.0,1.0,1.0,1.0,1.0,1.0,1.0,1.0,1.0,1.0,1.0,1.0,1.0,1.0,1.0,1.0,1.0,1.0,1.0,1.0,1.0,1.0,1.0,1.0,1.0,1.0,1.0,1.0,1.0,1.0,1.0,1.0,1.0,1.0,1.0,1.0,1.0,1.0,1.0,1.0,1.0,1.0,1.0,1.0,1.0,1.0,1.0,1.0,1.0,1.0,1.0,1.0,1.0,1.0,1.0,1.0,1.0,1.0,1.0,1.0,1.0,1.0,1.0,1.0,1.0,0.4608307278539025,-1.984421295747264,1.2599894709136084,2.7844716383807664,-1.0071891371144706,1.6335093182132538,1.481495426870375,0.7778882726547641,-0.5511474630858337,0.44158732185484606,-1.6803935130615062,0.5737553328514701,-0.3817605555894835,-0.32095499905233216,-1.4284847788361634,-1.0593081855748867,-1.4328280328745322,1.57704701571447,-1.1201137421120382,-0.9680998507691592,-0.915980802308744,-1.4154550167210598,0.4695172359306387,0.704052954002509,0.6997096999641415,1.7985529716712365,-0.8725482619250641,-0.959413342692423,2.1112672624337305,0.29144382035755223,-0.09076253501882943,0.16548945324488085,0.4912335061224787,1.1340351038009382,0.12640016689956948,-1.2764708874932846,1.7030013828271415,-1.1678895365340858,0.5346660465061576,-1.1461732663422457,0.36093588497143975,0.3783089011249111,-1.0549649315365182,0.36527913900980735,-0.8334589755797516,0.8995137868959172,-0.8247724675030165,-1.306873665761861,0.22195175574366463,-0.39044706366621973,0.4304279495853273,0.5737553328514701,1.8289557499398128,0.3696223930481749,-0.5945800034695138,-1.854123674596225,1.8767315443618604,-0.2818657127070197,-0.7465938948123927,0.17417596132161706,-0.5685204792393063,0.4260846955469587,0.03084857805547327,-0.39044706366621973,1.5379577293691586,1.1296918497625694,0.7301124782327165,-0.47296889039521106,1.7160311449422452,0.8300073211151804,-0.3513577773209073,0.6562771595804614,-0.9680998507691592,0.7648585105396604,2.289340678006817,0.4782037440073749,-1.2156653309561332,-0.41216333385805864,1.590076777829575,-0.60326651154625,0.9778009811535248,1.320795027450761,1.4206898703332236,1.6161363020597825,-0.3947903177045873,-0.5945800034695138,0.7474854943861889,-0.07338951886535809,0.17417596132161706,-0.4382228580882673,-0.10813555117230188,-1.9323022472868479,1.8289557499398128,1.2035271684148257,-1.2764708874932846,0.617187873235149,1.859358528208389,-0.4165065878964273,0.26538429612734354,2.6020549687693113,0.638904143426989,-1.4588875571047397,0.12640016689956948,-0.14288158347924457,0.11337040478446463,-0.8768915159634316,-0.6771018301985051,1.0211104988033706,-0.9420403265389516,-0.8551752457715917,-0.07338951886535809,-0.8117427053879127,-2.1060324088215667,0.30013032843428733,-0.6423557978915614,0.8213208130384441,-0.5424609550090986,0.026505324017105706,-1.380708984414116,0.06125135632404949,-0.5554907171242024,-0.9811296128842629,-0.9029510401936391,-0.7335641326972889,0.1198591262756386,-0.8247724675030165,-0.24711968040007593,-1.337276444030437,0.47386048996900626,0.44345771170043113,0.23932477189713597,-0.5598339711625699,-1.2590978713398133,-1.241724855186341,0.40871167939348735,-1.3199034278769646,-0.5424609550090986,-0.00824070828983808,0.8604100993837555,-1.0549649315365182,2.0895509922418904,-0.060359756750253214,-0.06398555691248024,-0.0386434865584143,-0.02995697848167808,-0.11247880521066944,-1.5935284322941463,-1.8454371665194889,0.7257652408928802,1.2817057411054484,-1.1852625526875582,-0.6597288140450338,0.886469623613963,-0.12985182136414078,0.7771038686731617,-1.7194827994068176,-0.14722483751761323,-0.3166117450139635,-0.7813399271193365,-1.358992714222276,0.14377318305304085,0.6736501757339327,2.1460132947406745,-0.20803039405476456,0.899499385729068,-1.619587956524355,-0.8334589755797516,2.258937899738242,1.125348595724202,-0.7422506407740251,-0.13419507540250944,-0.44690936616500243,-0.35139607829657166,-0.25580618847681214,-0.6119530196229862,0.46517398189227005,0.1611461992065122,1.2382732007217696,-0.21237364809313214,1.2860489951438172,-0.021270470404941864,0.36527913900980735,-2.0148240740158396,0.40871167939348735,0.05256484824731327,0.6215311272735177,-0.14288158347924457,0.9168724018825393,0.22710185813537367,0.6953664459257728,-0.10813555117230188,0.951618434189483,-0.6206395276997213,-1.111427234035302,0.00044579978689813783,-0.2167169021315008,0.29144382035755223,-0.807399451349544,-1.5370661297953636,-0.8464887376948564,0.5911283490049414,-1.4111117626826921,0.5172930303526863,0.5172930303526863,1.7768367014793978,0.5780985868898376,0.5216362843910538,0.40871167939348735,-1.4197982707594283,-1.2589759976352495,0.6345608893886214,0.9863644664964268,0.261041042088976,-1.0375919153830468,1.62047955609815,1.438062886486696,0.5607255707363663,-0.26883595059191595,-1.62827446460109,0.7865747807315003,-0.07338951886535809,-1.7411990695986577,0.3783089011249111,0.20023548555182463,0.39568191727838353,-0.6076097655846175,0.8473803372686517,0.04822159420894571,-0.3947903177045873,-0.4859986525103149,0.6823366838106689,0.30013032843428733,-0.23250984983492232,1.3511978057193361,-0.2818657127070197,-0.225403410208237,-0.9767863588458954,-0.30792523693722834,-1.3676792222990122,-0.12116531328740565,0.4695172359306387,-0.829115721541384,-0.5772069873160425,-0.6119530196229862,-1.619587956524355,1.416346616294856,1.1818108982229858
), .Dim=c(247, 2))
"N" <- 247
"K" <- 2
