"N" <- 15
"k" <- structure(c(7,8,4,6,8,7,8,6,3,8,4,6,7,5,7
), .Dim=c(15))
"n" <- structure(c(9,9,9,9,9,9,9,9,9,9,9,9,9,9,9
), .Dim=c(15))
